C:\Users\Ethan\Anaconda3\pythonw.exe "C:/Users/Ethan/Desktop/119 Project/DXF-extractor.py"
0 (12.0, 0.0)  ->  (9.75, 3.0)
1 (2.25, 3.0)  ->  (0.0, 0.0)
2 (0.0, 0.0)  ->  (4.5, 0.0)
3 (4.5, 0.0)  ->  (7.5, 0.0)
4 (7.5, 0.0)  ->  (12.0, 0.0)
5 (2.25, 3.0)  ->  (4.5, 0.0)
6 (9.75, 3.0)  ->  (7.5, 0.0)
7 (4.5, 0.0)  ->  (6.0, 3.0)
8 (6.0, 3.0)  ->  (7.5, 0.0)
9 (9.75, 3.0)  ->  (6.0, 3.0)
10 (2.25, 3.0)  ->  (6.0, 3.0)
{(12.0, 0.0): [0, 4], (9.75, 3.0): [0, 6, 9], (2.25, 3.0): [1, 5, 10], (0.0, 0.0): [1, 2], (4.5, 0.0): [2, 3, 5, 7], (7.5, 0.0): [3, 4, 6, 8], (6.0, 3.0): [7, 8, 9, 10]}
[[ 0.6    0.     0.     0.     1.     0.     0.     0.     0.     0.     0.     0.     0.     0.   ]
 [-0.8    0.     0.     0.     0.     0.     0.     0.     0.     0.     0.     0.     0.     1.   ]
 [-0.6    0.     0.     0.     0.     0.     0.6    0.     0.     1.     0.     0.     0.     0.   ]
 [ 0.8    0.     0.     0.     0.     0.     0.8    0.     0.     0.     0.     0.     0.     0.   ]
 [ 0.     0.6    0.     0.     0.    -0.6    0.     0.     0.     0.    -1.     0.     0.     0.   ]
 [ 0.     0.8    0.     0.     0.     0.8    0.     0.     0.     0.     0.     0.     0.     0.   ]
 [ 0.    -0.6   -1.     0.     0.     0.     0.     0.     0.     0.     0.     1.     0.     0.   ]
 [ 0.    -0.8    0.     0.     0.     0.     0.     0.     0.     0.     0.     0.     1.     0.   ]
 [ 0.     0.     1.    -1.     0.     0.6    0.    -0.447  0.     0.     0.     0.     0.     0.   ]
 [ 0.     0.     0.     0.     0.    -0.8    0.    -0.894  0.     0.     0.     0.     0.     0.   ]
 [ 0.     0.     0.     1.    -1.     0.    -0.6    0.     0.447  0.     0.     0.     0.     0.   ]
 [ 0.     0.     0.     0.     0.     0.    -0.8    0.    -0.894  0.     0.     0.     0.     0.   ]
 [ 0.     0.     0.     0.     0.     0.     0.     0.447 -0.447 -1.     1.     0.     0.     0.   ]
 [ 0.     0.     0.     0.     0.     0.     0.     0.894  0.894  0.     0.     0.     0.     0.   ]]
REACTION POS: [(4.5, 0.0), (7.5, 0.0)]
[(4.5, 0.0), (7.5, 0.0)]
[-30. -30.]
[ 0.  0.  0.  0.  0.  0.  0.  0.  0. 30.  0. 30.  0.  0.]
OUTPUT:
[ 37.5  37.5 -22.5 -45.  -22.5 -37.5 -37.5   0.   -0.   45.   45.    0.   30.   30. ]

Process finished with exit code 0